
*************** Telem ***************
                 onGPU
             ____________
            |            |
        0___|5          5|___2    
            |            |   
        1___|5          5|___3    
            |            |   
            |____________|

================BONDS===============
IN : (U1 = 0, P = 0, 0)|5, Dim = 5
IN : (U1 = 0, P = 0, 0)|5, Dim = 5
OUT: (U1 = 0, P = 0, 0)|5, Dim = 5
OUT: (U1 = 0, P = 0, 0)|5, Dim = 5

===============BLOCKS===============
--- (U1 = 0, P = 0, 0): 25 x 25 = 625, onGPU

 -0.208 -0.178 -0.196 -0.221 -0.202 -0.184 -0.181 -0.215 -0.218 -0.176 -0.181 -0.215 -0.220 -0.165 -0.217 -0.178 -0.219 -0.190 -0.226 -0.173 -0.170 -0.194 -0.187 -0.225 -0.235

  0.124 -0.055  0.317  0.378  0.009 -0.237  0.101  0.186  0.037 -0.011  0.159 -0.228 -0.063 -0.313 -0.012  0.247  0.025  0.040 -0.336 -0.157 -0.331 -0.076  0.240  0.149 -0.245

  0.203  0.281  0.023 -0.088  0.261  0.036 -0.211 -0.068 -0.056 -0.111  0.088  0.243 -0.240  0.165  0.131 -0.059 -0.048 -0.033 -0.337  0.347 -0.208 -0.084 -0.335  0.358 -0.193

 -0.239 -0.108  0.241 -0.005  0.074  0.345  0.159  0.066  0.175 -0.088 -0.153 -0.117  0.104  0.304 -0.413  0.270 -0.283  0.065 -0.121  0.361 -0.181 -0.089 -0.001 -0.161 -0.004

 -0.103 -0.235 -0.234 -0.245  0.362 -0.285  0.245  0.085 -0.155  0.148 -0.232  0.121 -0.237  0.197  0.177  0.218 -0.004  0.403  0.102 -0.060 -0.178 -0.038  0.156 -0.007 -0.134

  0.148 -0.370 -0.311  0.176  0.103  0.098  0.012  0.043 -0.098 -0.253  0.084  0.026  0.252 -0.005 -0.023 -0.409 -0.059  0.212 -0.225  0.048 -0.300  0.014  0.116  0.093  0.407

 -0.226 -0.262  0.058  0.178  0.054 -0.038 -0.384 -0.307 -0.127  0.238 -0.030  0.167  0.151 -0.044 -0.113  0.246  0.063  0.100 -0.058 -0.007  0.241 -0.448  0.029  0.318  0.149

 -0.133  0.098  0.036 -0.141  0.191  0.024  0.154  0.101  0.244  0.011  0.493  0.201 -0.121 -0.139 -0.234 -0.214 -0.356  0.088  0.248 -0.291 -0.023 -0.331 -0.043  0.097  0.012

 -0.083  0.075 -0.194  0.243  0.373 -0.181 -0.313  0.295  0.084 -0.477 -0.150 -0.043  0.207  0.124  0.028  0.166 -0.204 -0.210  0.159 -0.168  0.180  0.040  0.007  0.029 -0.120

  0.527 -0.205  0.047 -0.057  0.002 -0.113  0.110 -0.107  0.452 -0.147 -0.235 -0.250 -0.058 -0.038  0.081  0.035  0.020  0.144  0.085  0.021  0.179 -0.366 -0.287 -0.026  0.079

 -0.166 -0.181 -0.099 -0.191 -0.096  0.313 -0.258  0.308  0.269  0.297 -0.145 -0.291  0.004 -0.159  0.229 -0.073 -0.206  0.099 -0.027 -0.062 -0.023  0.197 -0.082  0.398 -0.120

 -0.063 -0.137  0.110 -0.158 -0.066 -0.004  0.116  0.201 -0.387 -0.115  0.248 -0.333  0.097  0.058  0.351 -0.004 -0.017 -0.256  0.291  0.324 -0.031 -0.376  0.043  0.105  0.012

 -0.075  0.146 -0.166  0.104  0.401  0.123  0.187 -0.267  0.059  0.274 -0.048 -0.295 -0.064  0.004  0.111  0.140  0.014 -0.435 -0.040 -0.209 -0.246 -0.014 -0.135  0.013  0.366

 -0.201 -0.298  0.022  0.379  0.094 -0.048  0.186  0.345 -0.047  0.203  0.001  0.211 -0.059 -0.120  0.055 -0.132  0.112 -0.089 -0.058  0.115  0.122  0.002 -0.572 -0.225 -0.071

  0.136  0.015  0.007  0.025 -0.031 -0.038  0.045 -0.311 -0.154  0.120  0.204 -0.025  0.543  0.020  0.214  0.177 -0.383  0.226  0.040 -0.115 -0.103  0.157 -0.323 -0.139 -0.235

  0.416 -0.113  0.125 -0.234  0.072 -0.050 -0.388  0.358 -0.070  0.383  0.040  0.126  0.106  0.185 -0.122  0.031 -0.048 -0.223 -0.068 -0.135 -0.153 -0.102  0.072 -0.320  0.108

 -0.078 -0.149  0.606 -0.125  0.388 -0.222 -0.045 -0.167 -0.093 -0.005 -0.074 -0.171 -0.034  0.012  0.030 -0.365 -0.150  0.027 -0.063  0.001  0.232  0.290  0.044  0.020  0.114

 -0.041  0.133 -0.102  0.075  0.117 -0.148 -0.378  0.024 -0.042  0.047  0.271 -0.391 -0.174 -0.115 -0.249  0.090  0.186  0.369  0.280  0.247 -0.138  0.152 -0.199 -0.159  0.155

  0.087 -0.207 -0.079  0.265 -0.057  0.048 -0.164 -0.199  0.135  0.044  0.124  0.157 -0.407 -0.111  0.295  0.102 -0.461 -0.119  0.103  0.281  0.043  0.104  0.270 -0.246  0.054

 -0.122  0.141  0.103 -0.087  0.275  0.454 -0.162 -0.001 -0.016 -0.159 -0.020  0.008  0.037 -0.275  0.345 -0.024  0.207  0.237 -0.173 -0.110  0.036 -0.253  0.098 -0.440 -0.082

 -0.134 -0.262  0.105 -0.283  0.084 -0.136 -0.086 -0.153  0.329 -0.154  0.013  0.288  0.233 -0.321  0.026  0.102  0.267 -0.245  0.222  0.174 -0.381  0.148 -0.023  0.012 -0.053

 -0.036 -0.132  0.327  0.035 -0.247  0.174 -0.109  0.041 -0.154 -0.308 -0.025  0.141 -0.281  0.186  0.151  0.230  0.005  0.094  0.165 -0.406 -0.229  0.107 -0.272  0.080  0.308

  0.059 -0.012 -0.110 -0.361  0.037 -0.047  0.146  0.173 -0.154 -0.144  0.137  0.055 -0.011 -0.388 -0.078  0.425 -0.149 -0.019 -0.329  0.081  0.326  0.167 -0.097  0.030  0.336

 -0.339  0.326  0.060 -0.026 -0.252 -0.446 -0.061  0.125  0.277  0.051 -0.082  0.041  0.131  0.101  0.310 -0.063 -0.132  0.119 -0.219  0.095 -0.125 -0.166 -0.019 -0.130  0.359

 -0.146 -0.293 -0.111 -0.109 -0.017 -0.042 -0.039 -0.095  0.281 -0.078  0.529 -0.150 -0.058  0.447  0.111  0.081  0.253 -0.059 -0.313 -0.126  0.186  0.096  0.009 -0.082 -0.119

Total elemNum: 625
***************** END ****************

YOHA!!

*************** Telem ***************
                 onGPU
             ____________
            |            |
        1___|5          5|___3    
            |            |   
            |           5|___2    
            |            |   
            |           5|___0    
            |            |   
            |____________|

================BONDS===============
IN : (U1 = 0, P = 0, 0)|5, Dim = 5
OUT: (U1 = 0, P = 0, 0)|5, Dim = 5
OUT: (U1 = 0, P = 0, 0)|5, Dim = 5
OUT: (U1 = 0, P = 0, 0)|5, Dim = 5

===============BLOCKS===============
--- (U1 = 0, P = 0, 0): 5 x 125 = 625, onGPU

 -0.208  0.148 -0.166  0.416 -0.134 -0.184  0.098  0.313 -0.050 -0.136 -0.181  0.084 -0.145  0.040  0.013 -0.178 -0.409 -0.073  0.031  0.102 -0.170 -0.300 -0.023 -0.153 -0.381 -0.178 -0.370 -0.181 -0.113 -0.262 -0.181  0.012 -0.258 -0.388 -0.086 -0.215  0.026 -0.291  0.126  0.288 -0.219 -0.059 -0.206 -0.048  0.267 -0.194  0.014  0.197 -0.102  0.148 -0.196 -0.311 -0.099  0.125  0.105 -0.215  0.043  0.308  0.358 -0.153 -0.220  0.252  0.004  0.106  0.233 -0.190  0.212  0.099 -0.223 -0.245 -0.187  0.116 -0.082  0.072 -0.023 -0.221  0.176 -0.191 -0.234 -0.283 -0.218 -0.098  0.269 -0.070  0.329 -0.165 -0.005 -0.159  0.185 -0.321 -0.226 -0.225 -0.027 -0.068  0.222 -0.225  0.093  0.398 -0.320  0.012 -0.202  0.103 -0.096  0.072  0.084 -0.176 -0.253  0.297  0.383 -0.154 -0.217 -0.023  0.229 -0.122  0.026 -0.173  0.048 -0.062 -0.135  0.174 -0.235  0.407 -0.120  0.108 -0.053

  0.124 -0.226 -0.063 -0.078 -0.036 -0.237 -0.038 -0.004 -0.222  0.174  0.159 -0.030  0.248 -0.074 -0.025  0.247  0.246 -0.004 -0.365  0.230 -0.331  0.241 -0.031  0.232 -0.229 -0.055 -0.262 -0.137 -0.149 -0.132  0.101 -0.384  0.116 -0.045 -0.109 -0.228  0.167 -0.333 -0.171  0.141  0.025  0.063 -0.017 -0.150  0.005 -0.076 -0.448 -0.376  0.290  0.107  0.317  0.058  0.110  0.606  0.327  0.186 -0.307  0.201 -0.167  0.041 -0.063  0.151  0.097 -0.034 -0.281  0.040  0.100 -0.256  0.027  0.094  0.240  0.029  0.043  0.044 -0.272  0.378  0.178 -0.158 -0.125  0.035  0.037 -0.127 -0.387 -0.093 -0.154 -0.313 -0.044  0.058  0.012  0.186 -0.336 -0.058  0.291 -0.063  0.165  0.149  0.318  0.105  0.020  0.080  0.009  0.054 -0.066  0.388 -0.247 -0.011  0.238 -0.115 -0.005 -0.308 -0.012 -0.113  0.351  0.030  0.151 -0.157 -0.007  0.324  0.001 -0.406 -0.245  0.149  0.012  0.114  0.308

  0.203 -0.133 -0.075 -0.041  0.059  0.036  0.024  0.123 -0.148 -0.047  0.088  0.493 -0.048  0.271  0.137 -0.059 -0.214  0.140  0.090  0.425 -0.208 -0.023 -0.246 -0.138  0.326  0.281  0.098  0.146  0.133 -0.012 -0.211  0.154  0.187 -0.378  0.146  0.243  0.201 -0.295 -0.391  0.055 -0.048 -0.356  0.014  0.186 -0.149 -0.084 -0.331 -0.014  0.152  0.167  0.023  0.036 -0.166 -0.102 -0.110 -0.068  0.101 -0.267  0.024  0.173 -0.240 -0.121 -0.064 -0.174 -0.011 -0.033  0.088 -0.435  0.369 -0.019 -0.335 -0.043 -0.135 -0.199 -0.097 -0.088 -0.141  0.104  0.075 -0.361 -0.056  0.244  0.059 -0.042 -0.154  0.165 -0.139  0.004 -0.115 -0.388 -0.337  0.248 -0.040  0.280 -0.329  0.358  0.097  0.013 -0.159  0.030  0.261  0.191  0.401  0.117  0.037 -0.111  0.011  0.274  0.047 -0.144  0.131 -0.234  0.111 -0.249 -0.078  0.347 -0.291 -0.209  0.247  0.081 -0.193  0.012  0.366  0.155  0.336

 -0.239 -0.083 -0.201  0.087 -0.339  0.345 -0.181 -0.048  0.048 -0.446 -0.153 -0.150  0.001  0.124 -0.082  0.270  0.166 -0.132  0.102 -0.063 -0.181  0.180  0.122  0.043 -0.125 -0.108  0.075 -0.298 -0.207  0.326  0.159 -0.313  0.186 -0.164 -0.061 -0.117 -0.043  0.211  0.157  0.041 -0.283 -0.204  0.112 -0.461 -0.132 -0.089  0.040  0.002  0.104 -0.166  0.241 -0.194  0.022 -0.079  0.060  0.066  0.295  0.345 -0.199  0.125  0.104  0.207 -0.059 -0.407  0.131  0.065 -0.210 -0.089 -0.119  0.119 -0.001  0.007 -0.572  0.270 -0.019 -0.005  0.243  0.379  0.265 -0.026  0.175  0.084 -0.047  0.135  0.277  0.304  0.124 -0.120 -0.111  0.101 -0.121  0.159 -0.058  0.103 -0.219 -0.161  0.029 -0.225 -0.246 -0.130  0.074  0.373  0.094 -0.057 -0.252 -0.088 -0.477  0.203  0.044  0.051 -0.413  0.028  0.055  0.295  0.310  0.361 -0.168  0.115  0.281  0.095 -0.004 -0.120 -0.071  0.054  0.359

 -0.103  0.527  0.136 -0.122 -0.146 -0.285 -0.113 -0.038  0.454 -0.042 -0.232 -0.235  0.204 -0.020  0.529  0.218  0.035  0.177 -0.024  0.081 -0.178  0.179 -0.103  0.036  0.186 -0.235 -0.205  0.015  0.141 -0.293  0.245  0.110  0.045 -0.162 -0.039  0.121 -0.250 -0.025  0.008 -0.150 -0.004  0.020 -0.383  0.207  0.253 -0.038 -0.366  0.157 -0.253  0.096 -0.234  0.047  0.007  0.103 -0.111  0.085 -0.107 -0.311 -0.001 -0.095 -0.237 -0.058  0.543  0.037 -0.058  0.403  0.144  0.226  0.237 -0.059  0.156 -0.287 -0.323  0.098  0.009 -0.245 -0.057  0.025 -0.087 -0.109 -0.155  0.452 -0.154 -0.016  0.281  0.197 -0.038  0.020 -0.275  0.447  0.102  0.085  0.040 -0.173 -0.313 -0.007 -0.026 -0.139 -0.440 -0.082  0.362  0.002 -0.031  0.275 -0.017  0.148 -0.147  0.120 -0.159 -0.078  0.177  0.081  0.214  0.345  0.111 -0.060  0.021 -0.115 -0.110 -0.126 -0.134  0.079 -0.235 -0.082 -0.119

Total elemNum: 625
***************** END ****************

